###############2021.07.26 - 20.53.20###############
step size(xStep:10,yStep:10) xlim:(-10,264), ylim:(0,213)
-10	0	0.12
-10	10	0.12
-10	20	0.14
-10	30	0.16
-10	40	0.16
-10	50	0.16
-10	60	0.16
-10	70	0.15
-10	80	0.15
-10	90	0.14
-10	100	0.14
-10	110	0.13
-10	120	0.11
-10	130	0.09
-10	140	0.08
-10	150	0.08
-10	160	0.06
-10	170	0.06
-10	180	0.05
-10	190	0.04
-10	200	0.02
-10	210	0.01
0	210	0.02
0	200	0.03
0	190	0.04
0	180	0.06
0	170	0.07
0	160	0.07
0	150	0.09
0	140	0.09
0	130	0.09
0	120	0.11
0	110	0.13
0	100	0.14
0	90	0.15
0	80	0.15
0	70	0.16
0	60	0.16
0	50	0.17
0	40	0.17
0	30	0.15
0	20	0.14
0	10	0.14
0	0	0.12
10	0	0.13
10	10	0.14
10	20	0.15
10	30	0.17
10	40	0.18
10	50	0.19
10	60	0.18
10	70	0.18
10	80	0.17
10	90	0.17
10	100	0.16
10	110	0.14
10	120	0.12
10	130	0.12
10	140	0.10
10	150	0.10
10	160	0.09
10	170	0.07
10	180	0.07
10	190	0.05
10	200	0.04
10	210	0.01
20	210	0.02
20	200	0.02
20	190	0.04
20	180	0.05
20	170	0.05
20	160	0.08
20	150	0.09
20	140	0.10
20	130	0.10
20	120	0.12
20	110	0.13
20	100	0.15
20	90	0.15
20	80	0.16
20	70	0.16
20	60	0.17
20	50	0.17
20	40	0.17
20	30	0.16
20	20	0.14
20	10	0.13
20	0	0.12
30	0	0.13
30	10	0.13
30	20	0.16
30	30	0.16
30	40	0.18
30	50	0.18
30	60	0.18
30	70	0.18
30	80	0.17
30	90	0.17
30	100	0.16
30	110	0.15
30	120	0.13
